1,0,2,1,0,3,3,1,0,0,0,1,2,0,1,0,0,0,0,0,0,0,0,0,0,0,0,0,0,0,0,0,0,0,0,5
1,0,0,2,1,3,2,1,1,1,0,1,2,0,1,1,1,0,0,0,0,0,0,0,0,0,0,0,0,0,0,0,0,0,0,14
2,1,1,2,2,2,1,3,3,3,1,1,0,2,2,0,0,0,1,2,2,2,2,0,0,0,0,4,4,2,2,2,2,2,1,15
5,1,1,1,0,2,0,0,1,2,0,1,1,1,0,1,0,0,0,0,0,0,0,0,0,0,0,0,0,0,0,0,0,0,1,4
3,1,0,0,0,2,0,2,0,1,1,1,2,0,1,0,0,0,1,0,0,3,0,0,0,1,0,0,3,0,0,0,0,0,0,6
6,0,1,2,0,3,3,0,0,0,0,1,2,0,1,0,0,0,1,0,3,2,1,1,0,0,0,1,2,1,0,0,0,0,0,12
5,0,2,1,1,3,3,1,1,0,0,1,2,0,0,1,0,0,0,0,0,0,0,0,0,0,0,0,0,0,0,0,0,0,0,3
1,1,2,0,0,3,1,2,0,2,1,0,0,2,2,0,0,0,1,0,1,1,0,1,0,0,0,3,3,0,0,0,0,0,0,18
2,1,2,2,2,3,1,3,3,3,1,1,0,2,2,0,0,0,1,2,2,2,2,0,0,0,0,4,4,2,2,2,2,2,1,15
5,0,2,2,0,2,3,0,0,1,0,1,2,0,1,0,0,0,0,0,0,0,0,0,0,0,0,0,0,0,0,0,0,0,0,1
1,1,2,1,2,1,1,3,3,3,1,1,3,3,3,2,2,3,1,2,1,2,2,0,0,0,0,4,4,2,2,2,2,2,1,15
1,1,2,1,2,3,1,3,3,3,1,1,0,2,2,0,0,0,1,2,2,2,2,0,0,0,0,4,4,2,2,2,2,2,1,15
3,0,2,1,0,2,3,0,1,1,0,1,2,0,1,0,0,0,1,0,3,2,0,1,0,0,0,1,1,0,0,0,0,0,0,12
3,0,2,1,0,1,0,2,1,2,1,1,0,2,2,0,0,0,1,0,3,0,1,1,0,0,0,0,3,0,0,0,0,0,0,10
2,1,2,2,2,1,1,3,3,3,1,1,3,3,3,2,2,3,1,2,2,2,2,0,0,0,0,4,4,2,2,2,2,2,1,15
5,0,2,1,0,2,2,1,0,2,0,0,0,2,2,0,0,0,1,0,3,2,1,0,0,0,0,1,2,0,0,0,0,0,0,2
2,1,2,0,0,1,1,2,0,1,1,1,0,2,2,0,0,0,1,0,1,2,0,0,0,0,0,3,3,0,0,0,0,0,0,15
0,1,1,1,1,2,2,0,2,1,1,1,2,0,1,0,0,0,0,0,0,0,0,0,0,0,0,0,0,0,0,0,0,0,0,5
2,1,2,1,0,3,3,2,2,2,0,1,2,0,1,1,0,0,0,0,0,0,0,0,0,0,0,0,0,0,0,0,0,0,0,5
1,1,2,0,0,1,1,2,0,1,1,0,0,2,2,0,0,0,1,0,1,1,0,1,0,0,0,3,3,0,0,0,0,0,0,18
3,1,1,2,0,3,2,0,1,1,0,1,2,0,1,1,1,0,0,0,0,0,0,0,0,0,0,0,0,0,0,0,0,0,0,14
4,0,2,1,1,0,0,0,0,1,0,1,2,0,0,0,0,0,0,1,0,3,0,0,0,0,0,0,0,1,0,1,0,0,0,17
2,1,2,1,2,1,1,3,3,3,1,1,0,2,2,0,0,0,1,2,2,2,2,0,0,0,0,4,4,2,2,2,2,2,1,15
3,0,0,1,0,3,2,1,0,0,0,1,0,2,2,0,0,0,1,0,0,0,0,0,0,1,0,0,0,0,0,0,0,0,0,6
5,0,2,2,0,2,3,0,1,1,0,1,2,0,1,0,0,0,1,0,3,2,0,1,0,0,0,1,1,0,0,0,0,0,0,12
2,0,2,1,0,2,3,1,1,1,0,1,2,0,1,0,0,0,0,0,0,0,0,0,0,0,0,0,0,0,0,0,0,0,0,5
6,0,2,1,0,3,0,1,1,1,1,1,0,2,2,0,0,0,1,0,3,1,1,1,0,0,0,0,3,0,0,0,0,0,0,10
4,1,2,1,0,3,0,1,1,2,0,1,2,0,1,0,0,0,0,0,0,0,0,0,0,0,0,0,0,0,0,0,0,0,0,1
3,1,1,1,0,0,2,0,0,2,0,1,2,0,1,0,0,0,0,0,0,0,0,0,0,0,0,0,0,0,0,0,0,0,0,14
2,1,1,2,0,3,3,0,2,2,0,1,2,0,1,1,0,0,0,0,0,0,0,0,0,0,0,0,0,0,0,0,0,0,0,14
5,1,2,2,0,3,3,1,1,1,0,1,2,0,1,0,0,0,0,0,0,0,0,0,0,0,0,0,0,0,0,0,0,0,0,1
0,1,2,1,0,3,1,1,0,2,1,1,0,2,2,0,0,0,1,0,1,2,0,0,0,0,0,3,3,0,0,0,0,0,0,15
5,1,2,1,0,1,2,1,0,2,0,1,2,0,1,0,0,0,0,0,0,0,0,0,0,0,0,0,0,0,0,0,0,0,0,12
3,0,2,1,0,3,3,2,2,0,0,1,2,0,1,0,0,0,1,0,0,3,1,1,0,0,0,0,0,0,0,0,0,0,0,5
2,1,2,0,0,1,1,2,0,0,1,1,0,2,2,0,0,0,1,0,1,2,0,0,0,0,0,3,3,0,0,0,0,0,0,15
5,0,2,1,0,1,1,1,0,0,0,0,0,2,2,0,0,0,1,0,3,2,1,0,0,0,0,1,2,1,1,0,1,1,0,2
3,1,1,1,2,3,1,3,3,3,1,1,0,2,2,0,0,0,1,2,2,2,2,0,0,0,0,4,4,2,2,2,2,2,1,15
2,1,2,1,2,1,1,3,3,3,1,1,0,2,2,0,0,0,1,2,3,2,2,0,0,0,0,4,4,2,2,2,2,2,1,15
3,0,0,1,0,1,2,1,0,0,1,1,0,2,2,0,0,0,1,0,0,3,0,0,0,2,1,0,3,0,0,0,0,0,0,7
1,1,1,2,2,3,0,3,3,2,0,0,3,3,3,2,2,3,1,2,0,0,1,0,0,0,0,1,2,0,1,1,1,1,3,9
1,0,2,0,1,0,0,1,0,1,0,1,1,0,1,0,0,2,0,0,0,0,0,0,0,0,0,0,0,1,1,0,0,0,0,11
4,1,2,1,0,2,1,0,0,2,0,1,2,0,1,1,0,0,0,0,0,0,0,0,0,0,0,0,0,0,0,0,0,0,0,1
5,0,0,1,1,3,3,1,0,2,1,1,2,0,1,0,0,0,1,1,0,3,0,0,0,1,0,0,3,0,0,0,0,0,0,6
0,1,2,0,0,1,1,2,1,2,1,0,0,2,2,0,0,0,1,0,1,1,0,1,0,0,0,3,3,0,0,0,0,0,0,18
4,0,2,1,0,1,2,1,0,1,0,1,2,0,1,0,0,0,0,0,0,0,0,0,0,0,0,0,0,0,0,0,0,0,0,12
4,0,0,1,0,2,2,1,0,1,1,1,0,2,2,0,0,0,1,0,0,3,0,0,0,2,1,0,3,0,0,0,0,0,0,7
3,0,2,1,0,2,3,2,2,1,0,1,2,0,1,0,0,0,1,0,0,3,1,1,0,0,0,0,0,0,0,0,0,0,0,5
5,0,2,1,0,3,0,1,0,1,0,1,2,0,1,0,0,0,1,0,3,1,0,1,0,0,0,1,1,0,0,0,0,0,0,12
1,1,2,1,0,2,3,1,0,2,0,1,2,0,1,1,0,0,0,0,0,0,0,0,0,0,0,0,0,0,0,0,0,0,0,5
3,1,2,1,2,1,1,3,3,3,1,1,3,3,3,2,2,3,1,2,3,2,2,0,0,0,0,4,4,2,2,2,2,2,1,15
3,1,2,1,0,1,3,1,0,2,0,1,2,0,1,1,0,0,1,0,3,1,1,0,0,0,0,0,0,0,0,0,0,0,0,5
1,0,2,1,0,2,3,1,1,1,0,1,2,0,1,1,0,0,0,0,0,0,0,0,0,0,0,0,0,0,0,0,0,0,0,5
4,0,0,1,0,3,3,1,1,0,0,1,0,2,2,0,0,0,1,0,0,0,0,0,0,1,0,0,0,0,0,0,0,0,0,6
3,1,1,1,2,1,1,3,3,3,1,1,0,2,2,0,0,0,1,2,3,2,2,0,0,0,0,4,4,2,2,2,2,2,1,15
4,0,2,1,0,1,3,1,0,0,0,1,2,0,1,1,0,0,1,0,3,1,1,0,0,0,0,0,0,0,0,0,0,0,0,5
6,0,2,1,0,1,1,1,0,0,1,1,0,2,2,0,0,0,1,1,3,1,1,1,0,0,0,0,3,0,0,0,0,0,0,10
4,0,1,1,1,1,3,0,0,1,0,1,1,1,0,1,0,0,0,0,0,0,0,0,0,0,0,0,0,1,1,1,1,0,0,4
6,0,1,2,0,3,3,0,1,0,0,1,2,0,1,0,0,0,1,0,3,2,1,0,0,0,0,1,2,1,0,1,1,1,0,12
1,1,2,1,0,0,1,2,1,1,1,1,0,2,2,0,0,0,1,0,2,2,0,0,0,0,0,3,3,0,0,0,0,0,0,15
4,0,2,2,1,2,3,1,1,1,0,1,2,0,0,1,0,0,0,0,0,0,0,0,0,0,0,0,0,0,0,0,0,0,0,3
3,0,2,1,0,0,0,1,0,1,0,1,2,0,1,0,0,0,0,0,0,0,0,0,0,0,0,0,0,0,0,0,0,0,0,1
6,0,0,1,1,3,3,1,1,0,1,1,0,2,2,0,0,0,1,0,0,3,0,0,0,2,1,0,3,0,0,0,0,0,0,7
3,1,1,1,2,0,1,3,3,3,1,1,0,2,2,0,0,0,1,2,3,2,2,0,0,0,0,4,4,2,2,2,2,2,1,15
4,1,2,2,1,2,1,1,1,2,0,1,2,0,0,1,0,0,0,0,0,0,0,0,0,0,0,0,0,0,0,0,0,0,0,3
4,0,1,0,1,2,3,1,1,2,1,0,0,2,2,0,0,0,1,1,0,3,0,0,0,1,0,0,3,0,0,0,0,0,0,6
2,1,2,1,0,2,3,1,0,2,0,1,2,0,1,0,0,0,0,0,0,0,0,0,0,0,0,0,0,0,0,0,0,0,0,5
6,1,2,1,0,2,2,1,1,1,0,0,0,2,2,0,0,0,1,0,3,2,1,0,0,0,0,1,2,1,1,0,1,1,0,2
5,0,2,2,0,2,3,1,0,1,0,1,2,0,1,0,0,0,0,0,0,0,0,0,0,0,0,0,0,0,0,0,0,0,0,1
3,1,1,0,0,2,0,0,0,2,0,1,2,1,0,0,0,0,0,0,0,0,0,0,0,0,0,0,0,0,0,0,0,0,1,4
1,1,2,1,2,0,1,3,3,3,1,1,0,2,2,0,0,0,1,2,1,2,2,0,0,0,0,4,4,2,2,2,2,2,1,15
5,0,2,2,0,2,2,0,0,1,0,1,2,0,1,0,0,0,1,0,3,2,0,1,0,0,0,1,1,0,0,0,0,0,0,12
6,0,1,1,1,2,2,0,2,2,0,1,2,0,1,0,0,0,0,0,0,0,0,0,0,0,0,0,0,1,0,1,0,0,0,1
1,1,1,1,1,2,0,0,0,2,0,1,2,0,1,0,0,0,0,0,0,0,0,0,0,0,0,0,0,0,0,0,0,0,0,5
5,1,2,1,0,3,3,1,1,0,0,0,0,2,2,0,0,0,1,0,3,2,0,0,0,0,0,1,2,0,0,0,0,0,0,2
3,1,2,1,0,0,2,1,0,2,0,1,1,1,0,1,0,0,0,0,0,0,0,0,0,0,0,0,0,0,0,0,1,0,1,4
3,1,2,0,0,1,1,2,1,0,1,1,0,2,2,0,0,0,1,0,2,2,0,0,0,0,0,3,3,0,0,0,0,0,0,15
5,0,2,1,0,2,0,1,1,0,1,1,0,2,2,0,0,0,1,1,3,1,1,1,0,0,0,0,3,0,0,0,0,0,0,10
5,0,2,2,2,3,3,3,3,0,0,0,3,3,3,2,2,3,1,2,0,0,1,0,0,0,0,1,2,0,1,1,1,1,3,9
3,0,0,2,0,2,2,1,0,2,1,1,0,2,2,0,0,0,1,0,0,3,0,0,0,2,1,0,3,0,0,0,0,0,0,7
5,0,2,2,0,3,3,1,0,1,0,1,2,0,1,0,0,0,0,0,0,0,0,0,0,0,0,0,0,0,0,0,0,0,0,1
6,0,0,2,1,0,2,1,0,0,1,1,0,2,2,0,0,0,1,1,0,3,0,0,0,2,1,0,3,0,0,0,0,0,0,7
4,0,2,1,0,2,0,2,1,1,1,1,0,2,2,0,0,0,1,0,3,1,1,1,0,0,0,0,3,0,0,0,0,0,0,10
5,1,2,1,0,3,3,0,1,2,0,1,2,0,1,0,0,0,0,0,0,0,0,0,0,0,0,0,0,0,0,0,0,0,0,12
2,0,0,2,1,3,0,1,1,0,1,1,2,0,1,1,0,0,0,0,0,0,0,0,0,0,0,0,0,0,0,0,0,0,0,14
5,0,0,1,0,3,2,1,0,1,0,1,0,2,2,0,0,0,1,0,0,0,0,0,0,1,0,0,0,0,0,0,0,0,0,6
2,1,2,1,0,3,3,1,0,2,0,1,2,0,1,1,0,0,0,0,0,0,0,0,0,0,0,0,0,0,0,0,0,0,0,5
6,0,1,0,1,0,0,0,1,2,0,1,0,2,2,0,0,1,0,0,0,0,0,0,0,0,0,0,0,0,0,0,0,0,0,16
3,1,0,0,0,3,0,1,1,2,1,0,0,2,2,0,0,0,1,0,0,3,0,0,0,1,0,0,3,0,0,0,0,0,0,6
2,1,2,2,2,1,1,3,3,3,1,1,3,3,3,2,2,3,1,2,1,2,2,0,0,0,0,4,4,2,2,2,2,2,1,15
6,1,2,2,0,3,1,0,1,2,0,1,2,0,1,0,0,0,1,0,3,2,0,1,0,0,0,1,1,0,0,0,0,0,0,12
4,1,2,2,0,2,1,0,1,2,0,1,1,0,1,0,0,2,0,0,0,0,0,0,0,0,0,0,0,1,1,0,0,0,0,11
5,1,2,1,0,0,0,0,0,2,0,1,2,0,1,0,0,0,0,0,0,0,0,0,0,0,0,0,0,0,0,0,0,0,0,1
